1.9533, 167 
2.3977, 167 
3.1687, 167 
3.9488, 167 
4.7243, 167 
5.3955, 167 
5.4952, 167 
5.8807, 167 
6.2662, 167 
6.5610, 297 
6.6608, 167 
7.0417, 167 
7.8308, 167 
8.2027, 167 
8.5973, 167 
9.3637, 167 
10.1392, 297 
10.5338, 297 
10.9147, 297 
11.5905, 297 
11.9760, 297 
12.0757, 297 
12.4658, 167 
12.5655, 297 
12.7560, 297 
12.8603, 167 
13.0463, 167 
13.1415, 297 
13.2367, 297 
13.3365, 297 
13.6268, 297 
13.8218, 297 
13.9170, 297 
14.2073, 167 
14.7878, 417 
15.5542, 417 
16.3297, 417 
17.1052, 417 
17.8807, 417 
18.6562, 417 
19.4272, 417 
20.2027, 417 
20.3977, 417 
20.9737, 417 
21.7492, 417 
22.1392, 417 
22.5202, 417 
23.2957, 417 
24.0712, 417 
24.4612, 417 
24.8467, 167 
25.4363, 40 
25.6268, 167 
26.0032, 167 
26.1982, 167 
26.5837, 167 
26.7787, 167 
27.1642, 167 
28.7152, 167 
29.4862, 167 
30.2662, 167 
31.0417, 167 
31.8218, 297 
32.5927, 417 
33.3592, 417 
33.7492, 417 
34.1392, 417 
34.5247, 417 
34.9147, 417 
35.6766, 417 
36.4567, 417 
37.0417, 417 
37.2367, 167 
38.0032, 167 
38.7878, 167 
39.5542, 167 
40.3433, 167 
42.6562, 167 
43.0508, 167 
43.4408, 167 
43.8263, 167 
44.2118, 167 
44.7923, 167 
44.9828, 167 
45.7537, 167 
46.1302, 167 
46.5156, 167 
47.3093, 167 
48.0803, 167 
48.8376, 167 
49.4499, 167 
49.6132, 167 
50.3977, 167 
50.9828, 167 
51.1823, 167 
51.9397, 167 
53.4907, 167 
54.4476, 167 
55.0463, 167 
58.1302, 167 
58.9057, 167 
59.2957, 167 
59.8626, 167 
61.8036, 167 
62.1982, 167 
62.5837, 167 
64.5247, 167 
64.9057, 167 
65.4590, 167 
66.8558, 167 
67.2458, 167 
68.0168, 167 
68.7968, 167 
70.3342, 167 
70.7197, 167 
73.0508, 167 
73.4363, 167 
73.6086, 167 
73.8218, 297 
74.2027, 167 
74.9646, 167 
77.3002, 167 
77.6721, 167 
78.4476, 167 
78.8376, 167 
79.2322, 167 
79.6268, 167 
82.3297, 167 
84.4748, 167 
84.8558, 167 
86.0077, 167 
86.3932, 167 
86.7787, 167 
87.1642, 167 
87.5542, 167 
87.9351, 167 
88.3297, 167 
89.1007, 167 
89.4907, 167 
89.8807, 167 
90.2662, 167 
91.4091, 167 
93.9261, 167 
94.0349, 297 
94.1302, 297 
94.3252, 297 
94.5066, 297 
94.9057, 297 
95.0916, 167 
95.4680, 167 
96.2481, 167 
96.6381, 167 
97.8036, 167 
98.1891, 167 
98.5746, 167 
98.9601, 167 
99.3410, 167 
99.7265, 167 
100.5111, 167 
101.6812, 417 
102.0757, 417 
102.4476, 417 
102.8376, 417 
103.2322, 417 
103.6358, 40 
104.0122, 297 
104.3932, 167 
105.1778, 167 
105.5633, 167 
105.9442, 167 
106.3206, 167 
106.7107, 167 
107.4998, 417 
107.8671, 167 
108.2571, 167 
109.8082, 167 
110.4023, 167 
110.9782, 167 
111.3546, 167 
112.5293, 167 
112.9147, 167 
113.4816, 167 
114.0712, 167 
114.4612, 167 
114.8422, 167 
115.2231, 167 
115.6041, 167 
115.9805, 167 
118.7016, 167 
118.9011, 167 
119.5678, 167 
120.4658, 167 
121.6222, 167 
122.3977, 167 
123.1778, 167 
123.5678, 167 
127.0417, 167 
127.2050, 297 
127.8172, 167 
128.5927, 167 
129.3683, 167 
131.8717, 297 
132.4748, 417 
133.2458, 167 
135.5633, 167 
136.3297, 297 
137.1098, 297 
137.8853, 297 
138.2798, 297 
138.6562, 297 
139.0508, 297 
139.4363, 167 
140.9782, 297 
141.7492, 297 
142.1438, 297 
142.5338, 297 
142.9147, 297 
143.3048, 297 
144.0667, 40 
144.8422, 297 
145.2367, 297 
145.4272, 297 
145.6268, 167 
146.3977, 167 
147.1732, 297 
147.3592, 297 
147.9488, 297 
148.7379, 167 
151.3410, 167 
151.4317, 167 
151.8172, 167 
152.1982, 167 
153.5497, 167 
155.1052, 167 
155.8717, 167 
156.2662, 167 
157.8172, 167 
158.9737, 167 
159.3637, 167 
159.7537, 167 
160.1347, 167 
160.5156, 167 
162.2662, 167 
162.4567, 167 
163.2186, 167 
163.5995, 167 
163.9896, 167 
165.1732, 167 
165.5587, 167 
165.9351, 167 
166.3252, 167 
167.1098, 167 
169.4317, 167 
170.2118, 167 
170.5791, 167 
173.8580, 167 
178.7333, 167 
178.8195, 167 
178.9238, 167 
179.0190, 167 
179.1143, 167 
179.4045, 167 
179.4998, 167 
179.6948, 167 
180.1800, 167 
180.2798, 167 
180.7605, 167 
180.9556, 167 
181.0553, 167 
181.2458, 167 
181.3410, 167 
181.4408, 167 
181.5361, 167 
181.6313, 167 
181.8263, 167 
181.9215, 167 
182.0168, 167 
182.1211, 167 
182.2118, 167 
182.4068, 167 
182.5020, 167 
182.5973, 167 
182.6971, 167 
182.7878, 167 
182.9828, 167 
183.1778, 167 
183.3773, 167 
183.5678, 167 
183.7628, 167 
183.8580, 167 
183.9578, 167 
184.1528, 167 
184.3388, 167 
184.4385, 167 
184.5338, 167 
184.7333, 167 
185.0190, 167 
185.1188, 167 
185.2141, 167 
185.4091, 167 
185.6993, 167 
185.8943, 167 
186.2798, 167 
186.4748, 167 
186.6698, 167 
186.7651, 167 
186.9556, 167 
187.0553, 167 
187.1460, 167 
187.2503, 167 
187.4408, 167 
187.5315, 167 
187.6268, 167 
187.7175, 167 
187.8218, 167 
188.2209, 167 
188.6063, 167 
189.0054, 167 
190.5565, 167 
192.0939, 167 
192.8603, 167 
195.1868, 167 
196.7333, 167 
199.0553, 167 
199.8308, 167 
201.7537, 167 
202.1710, 167 
202.9238, 167 
203.3048, 167 
203.6948, 167 
204.0893, 167 
204.8694, 167 
205.2685, 167 
205.6449, 167 
206.0168, 167 
206.8014, 167 
207.9714, 167 
208.3524, 167 
209.1188, 167 
209.5088, 167 
209.8580, 167 
210.6789, 167 
211.0689, 167 
212.2163, 167 
212.9918, 167 
213.7673, 167 
214.9193, 167 
218.4204, 417 
221.6857, 167 
221.8490, 167 
224.4113, 167 
224.9646, 167 
225.9624, 167 
226.7243, 167 
230.1982, 167 
231.9488, 167 
232.1528, 167 
233.3048, 167 
233.6993, 167 
234.8603, 167 
235.2549, 167 
235.8172, 167 
236.4068, 167 
236.8059, 167 
237.1687, 167 
237.9533, 167 
238.3524, 417 
238.7243, 167 
239.5043, 167 
241.0553, 167 
242.7878, 40 
244.0122, 167 
245.0236, 167 
245.1279, 167 
245.3229, 167 
245.4907, 167 
245.6041, 167 
245.8263, 167 
246.0939, 167 
246.5610, 167 
246.8875, 297 
247.3864, 167 
247.4363, 167 
